32
0 1832 1721 1884 1121 1988 1488 1428 1275 1861 1430 1501 1831 1857 1544 1385 1829 1458 1069 1304 1634 1907 1575 1912 1577 1321 1631 1586 1273 1800 1042 1867 
1832 0 2005 1469 1354 1645 1165 1500 1204 1792 2029 1411 1098 1431 1611 1462 1227 1807 1874 1826 1775 1443 1371 1630 1229 1056 1623 1689 1403 1876 1194 1854 
1721 2005 0 1449 1523 1072 1581 1757 1230 1638 1328 2014 1174 1686 1606 1656 2026 1483 1397 1280 1576 1827 1713 1552 1290 1253 1632 1080 1594 1781 1651 1530 
1884 1469 1449 0 1640 1722 1816 1270 2040 1852 1412 1064 1287 1457 1926 1694 1349 1756 1844 1183 1790 1419 1166 1779 1296 1590 1765 1472 1095 1495 1261 1654 
1121 1354 1523 1640 0 1786 1211 1703 1103 1297 1429 1672 1738 1277 1518 1824 1794 1493 1179 1704 1228 1288 1612 1811 1542 1784 1900 1724 1132 1934 1487 1979 
1988 1645 1072 1722 1786 0 1766 1994 1175 1943 1454 1751 1242 1218 1799 1758 1930 1394 1646 1964 1753 1193 1901 1048 1217 1620 1764 1517 1520 1996 1062 1151 
1488 1165 1581 1816 1211 1766 0 1177 1077 1025 1533 1200 1055 2021 2035 1977 2011 2013 1678 1737 1937 1368 1421 1522 1587 1406 1849 1619 1109 1509 1359 1240 
1428 1500 1757 1270 1703 1994 1177 0 1292 2028 1698 1642 1481 1668 2032 1699 1919 1026 2037 1669 1070 1161 1061 1815 1180 1837 1122 1995 1178 1308 1376 1593 
1275 1204 1230 2040 1103 1175 1077 1292 0 1031 1237 1439 1432 1203 1117 1872 1990 1139 1609 1767 1251 1427 1675 1168 1116 2015 1734 1198 1142 1387 1673 1465 
1861 1792 1638 1852 1297 1943 1025 2028 1031 0 1294 1973 1610 1845 1624 1908 1778 1068 1614 1802 1812 1607 1554 1828 1546 1549 1037 1156 2016 1528 2019 1666 
1430 2029 1328 1412 1429 1454 1533 1698 1237 1294 0 1355 1463 2006 1110 1871 1127 1627 1272 1539 1222 1513 1128 1622 1537 1285 1293 1929 1633 1910 1082 1510 
1501 1411 2014 1064 1672 1751 1200 1642 1439 1973 1355 0 1514 1822 1662 1823 1119 1113 1370 1976 1362 1384 1380 1503 1869 1817 1818 1939 1697 1793 1525 1065 
1831 1098 1174 1287 1738 1242 1055 1481 1432 1610 1463 1514 0 1875 1947 2004 1209 1700 1459 1961 1105 1054 1032 1314 1911 1480 1089 1086 1162 1726 1347 1580 
1857 1431 1686 1457 1277 1218 2021 1668 1203 1845 2006 1822 1875 0 1181 1789 1601 1641 2048 1265 1892 1932 1226 1143 1567 1706 1238 1720 1475 1739 1840 1034 
1544 1611 1606 1926 1518 1799 2035 2032 1117 1624 1110 1662 1947 1181 0 1467 1345 1125 1391 1991 1331 1490 1814 1838 1379 1485 2008 1561 1207 2041 1279 1946 
1385 1462 1656 1694 1824 1758 1977 1699 1872 1908 1871 1823 2004 1789 1467 0 1735 2023 1928 1965 1152 1927 1922 1383 1993 1066 1613 1424 1962 1456 1553 1540 
1829 1227 2026 1349 1794 1930 2011 1919 1990 1778 1127 1119 1209 1601 1345 1735 0 1323 1252 1249 1046 2010 1714 1033 1680 1316 1169 1588 1888 1568 1661 1104 
1458 1807 1483 1756 1493 1394 2013 1026 1139 1068 1627 1113 1700 1641 1125 2023 1323 0 1164 1806 2012 1763 1302 1332 1710 1557 1134 1978 1154 1325 1123 1338 
1069 1874 1397 1844 1179 1646 1678 2037 1609 1614 1272 1370 1459 2048 1391 1928 1252 1164 0 1709 1337 1730 1674 1246 2036 1935 1259 1545 1027 1957 1931 1516 
1304 1826 1280 1183 1704 1964 1737 1669 1767 1802 1539 1976 1961 1265 1991 1965 1249 1806 1709 0 1603 1257 1284 1917 1470 1101 1664 1920 1340 1954 1263 1681 
1634 1775 1576 1790 1228 1753 1937 1070 1251 1812 1222 1362 1105 1892 1331 1152 1046 2012 1337 1603 0 2033 1324 1950 1382 1312 1933 1373 1410 1788 1625 1269 
1907 1443 1827 1419 1288 1193 1368 1161 1427 1607 1513 1384 1054 1932 1490 1927 2010 1763 1730 1257 2033 0 1880 1050 1377 1541 1761 1052 1805 1529 1604 1637 
1575 1371 1713 1166 1612 1901 1421 1061 1675 1554 1128 1380 1032 1226 1814 1922 1714 1302 1674 1284 1324 1880 0 2025 1322 1318 1918 1958 1281 1232 1716 1742 
1912 1630 1552 1779 1811 1048 1522 1815 1168 1828 1622 1503 1314 1143 1838 1383 1033 1332 1246 1917 1950 1050 2025 0 1795 1381 1336 1094 1705 1348 1569 1925 
1577 1229 1290 1296 1542 1217 1587 1180 1116 1546 1537 1869 1911 1567 1379 1993 1680 1710 2036 1470 1382 1377 1322 1795 0 1904 1291 1755 1969 1589 1597 1835 
1321 1056 1253 1590 1784 1620 1406 1837 2015 1549 1285 1817 1480 1706 1485 1066 1316 1557 1935 1101 1312 1541 1318 1381 1904 0 1885 1464 1773 1392 2046 1148 
1631 1623 1632 1765 1900 1764 1849 1122 1734 1037 1293 1818 1089 1238 2008 1613 1169 1134 1259 1664 1933 1761 1918 1336 1291 1885 0 1396 1248 1215 1783 1511 
1586 1689 1080 1472 1724 1517 1619 1995 1198 1156 1929 1939 1086 1720 1561 1424 1588 1978 1545 1920 1373 1052 1958 1094 1755 1464 1396 0 1643 1671 1972 1482 
1273 1403 1594 1095 1132 1520 1109 1178 1142 2016 1633 1697 1162 1475 1207 1962 1888 1154 1027 1340 1410 1805 1281 1705 1969 1773 1248 1643 0 1691 1171 1423 
1800 1876 1781 1495 1934 1996 1509 1308 1387 1528 1910 1793 1726 1739 2041 1456 1568 1325 1957 1954 1788 1529 1232 1348 1589 1392 1215 1671 1691 0 1942 1752 
1042 1194 1651 1261 1487 1062 1359 1376 1673 2019 1082 1525 1347 1840 1279 1553 1661 1123 1931 1263 1625 1604 1716 1569 1597 2046 1783 1972 1171 1942 0 1628 
1867 1854 1530 1654 1979 1151 1240 1593 1465 1666 1510 1065 1580 1034 1946 1540 1104 1338 1516 1681 1269 1637 1742 1925 1835 1148 1511 1482 1423 1752 1628 0 
